#      mu_0              M_B	
# M_V = 1.0345*M_B - 0.2752
# mu_0_V = mu_0 - (M_B - M_V) = mu_0 + 0.0345*M_B - 0.2752
      22.024432     -14.639259
      22.534270     -13.599259
      20.276973     -16.145926
      24.122162     -13.825926
      22.833946     -13.385926
      23.553946     -14.099259
      17.778378     -16.492593
      24.663135     -13.479259
      21.277189     -16.652593
      23.164757     -14.059259
      21.234378     -15.572593
      18.078054     -16.312593
      23.912000     -13.585926
      24.110486     -13.565926
      20.716757     -15.759259
      21.374486     -14.659259
      23.343784     -14.325926
      23.491676     -13.439259
      20.767351     -14.205926
      22.394162     -13.459259
      24.382919     -13.025926
      19.066595     -15.985926
      22.693838     -13.745926
      22.954595     -13.665926
      21.195459     -14.599259
      21.744216     -14.639259
      20.327568     -16.452593
      18.739676     -15.179259
      22.184000     -14.912593
      22.514811     -13.699259
      23.573405     -12.732593
      18.798054     -14.659259
      21.035892     -13.725926
      19.358486     -16.885926
      23.215351     -14.265926
      22.483676     -14.099259
      20.635027     -14.892593
      21.417297     -15.985926
      21.456216     -15.219259
      19.837189     -16.352593
      21.304432     -14.585926
      22.584865     -13.885926
      22.565405     -13.585926
      22.215135     -13.719259
      20.175784     -15.619259
      24.153297     -13.332593
      19.946162     -16.392593
      23.133622     -13.645926
      23.483892     -13.845926
      21.506811     -12.765926
      22.654919     -12.985926
      21.436757     -14.919259
      19.798270     -15.479259
      24.573622     -13.005926
      23.215351     -13.332593
      22.503135     -13.525926
      17.867892     -16.105926
      25.239135     -13.252593
      21.845405     -14.792593
      20.996973     -14.465926
      18.331027     -16.332593
      21.526270     -15.019259
      23.682378     -13.145926
      22.853405     -12.892593
      25.032865     -13.759259
      22.654919     -14.279259
      21.736432     -15.192593
      19.556973     -17.145926
      23.581189     -13.385926
      25.262486     -13.459259
      19.136649     -15.059259
      21.347243     -14.832593
      21.234378     -14.085926
      20.148541     -14.792593
      22.055568     -15.845926
      23.912000     -13.485926
      19.868324     -14.205926
      19.257297     -15.212593
      21.024216     -14.939259
      19.926703     -14.285926
      23.421622     -13.599259
      20.467676     -14.652593
      21.985514     -14.699259
      20.335351     -14.225926
      19.198919     -15.459259
      22.845622     -12.772593
      22.674378     -14.279259
      23.363243     -13.052593
      22.464216     -15.019259
      23.604541     -14.005926
      23.744649     -14.879259
      22.915676     -14.585926
      21.207135     -16.185926
      21.253838     -14.559259
      25.021189     -12.825926
      21.825946     -13.425926
      22.713297     -14.732593
      23.262054     -13.105926
      20.245838     -14.912593
      22.234595     -14.219259
      24.180541     -14.199259
      23.184216     -12.925926
      20.175784     -15.199259
      23.203676     -13.252593
      21.436757     -14.239259
      22.152865     -14.245926
      22.285189     -14.539259
      18.988757     -15.872593
      22.004973     -14.179259
      22.752216     -12.912593
      19.938378     -14.999259
      19.918919     -15.372593
      22.635459     -15.632593
      24.020973     -13.012593
      21.055351     -15.652593
      21.366703     -15.212593
      18.669622     -15.792593
      21.094270     -15.885926
      23.472216     -13.565926
      19.327351     -15.019259
      23.114162     -13.925926
      20.755676     -16.325926
      22.705514     -12.905926
      21.923243     -15.865926
      23.542270     -12.752593
      21.705297     -14.365926
      16.560216     -16.892593
      20.105730     -14.019259
      20.094054     -17.552593
      18.225946     -16.752593
      17.945730     -18.105926
      19.755459     -17.605926
      13.972108     -18.119259
      17.280216     -18.259259
      15.984216     -17.725926
      15.754595     -20.172593
      17.015568     -18.832593
      17.661622     -18.545926
      18.074162     -18.125926
      18.794162     -19.172593
      13.010811     -20.892593
      19.786595     -17.919259
      14.769946     -19.159259
      20.561081     -16.492593
      18.735784     -16.785926
      15.657297     -17.919259
      17.883459     -18.485926
      16.194378     -18.892593
      16.606919     -17.032593
      15.509405     -19.252593
      17.926270     -19.159259
      15.653405     -19.372593
      16.813189     -17.272593
      14.649297     -21.185926
      17.455351     -17.765926
      15.536649     -20.252593
      15.696216     -20.105926
      15.746811     -19.699259
      14.910054     -21.025926
      16.603027     -18.259259
      13.761946     -19.139259
      16.431784     -18.579259
      16.532973     -18.325926
      15.859676     -18.365926
      15.135784     -18.419259
      15.501622     -17.585926
      17.066162     -16.385926
      15.953081     -19.019259
      16.420108     -18.479259
      14.995676     -19.319259
      14.376865     -20.652593
      15.221405     -20.365926
      15.447135     -19.179259
      17.042811     -14.705926
      17.272432     -16.372593
      17.513730     -21.579259
      19.105514     -22.445926
      18.965405     -21.945926
      17.735568     -20.892593
      16.968865     -20.992593
      15.855784     -20.332593
      18.412757     -22.085926
      17.801730     -22.259259
      15.832432     -19.932593
      15.851892     -20.145926
      17.704432     -21.145926
      16.774270     -21.445926
      16.984432     -21.959259
      17.330811     -21.685926
      15.680649     -20.432593
      17.603243     -21.005926
      17.027243     -21.525926
      19.284541     -22.832593
      18.440000     -22.659259
      16.719784     -21.152593
      19.809946     -22.792593
      17.432000     -22.319259
      22.915676     -13.939259
      24.709838     -13.392593
      24.063784     -13.999259
      20.467676     -16.172593
      20.218595     -15.359259
      21.864865     -14.325926
      23.164757     -13.792593
      24.262270     -13.772593
      23.242595     -14.319259
      22.503135     -15.539259
      22.713297     -14.805926
      23.744649     -13.332593
      22.464216     -17.072593
      23.223135     -14.725926
      24.511351     -13.939259
      21.464000     -14.919259
      24.013189     -13.445926
      19.467459     -15.519259
      19.697081     -16.392593
      20.666162     -15.459259
      22.075027     -15.112593
      24.912216     -14.199259
      22.374703     -14.465926
      21.794811     -15.892593
      23.522811     -13.292593
      20.358703     -16.692593
      19.206703     -17.232593
      20.708973     -15.005926
      22.479784     -15.472593
      20.024000     -16.039259
      21.117622     -15.292593
      21.899892     -15.252593
      21.514595     -15.612593
      21.938811     -14.819259
      21.432865     -15.139259
      21.140973     -15.832593
      20.487135     -16.812593
      21.693622     -15.812593
      18.743568     -16.485926
      21.545730     -15.252593
