#~~~                                                                                                             ~~~
#~~ These are the galaxies with HI interferometric observations used to make Fig. 4 in Papastergis & Shankar 2015 ~~
#~~~                                                                                                             ~~~
#
#name, sample, Rout,   Vout, Vout_err_low, Vout_err_high, Vrot,    M*,    Mbar,  Vh_nfw, Mh_nfw,  Vh_dc14,  Mh_dc14
# ()    ()     (kpc)  (km/s)    (km/s)        (km/s)      (km/s) (Msun)  (Msun)   (km/s)  (Msun)   (km/s)   (Msun) 
#---------------------------------------------------
UGC685,FIGGS,2.36,51.7,2.75,2.75,54.8,7.53,8.03,82.5,11.01,111.3,11.40
KKH6,FIGGS,1.41,28.0,3.66,3.66,28.0,6.84,7.31,41.4,10.05,58.6,10.51
KK14,FIGGS,2.51,21.3,1.52,1.52,19.6,6.56,7.52,23.3,9.23,23.2,9.32
KKH11,FIGGS,3.14,56.3,3.14,3.14,46.2,7.03,7.91,81.1,10.99,85.8,11.03
KK41,FIGGS,4.93,32.3,1.97,1.97,38.5,7.70,8.14,34.6,9.79,34.3,9.80
UGCA92,FIGGS,3.94,37.0,3.00,3.00,33.9,7.48,8.39,41.7,10.06,45.6,10.25
KK44,FIGGS,1.55,20.0,2.10,2.10,12.2,6.76,7.34,23.6,9.25,27.7,9.56
KKH34,FIGGS,1.74,20.1,1.38,1.38,15.3,6.60,7.24,22.3,9.17,23.8,9.36
UGC3755,FIGGS,3.04,20.2,2.73,2.73,24.0,7.93,8.26,23.0,9.21,23.3,9.17
DDO43,FIGGS,5.67,36.0,2.16,2.16,36.5,7.64,8.49,38.5,9.94,38.4,10.00
KK65,FIGGS,2.33,18.5,2.90,2.90,22.8,7.75,8.03,21.7,9.13,21.4,9.02
UGC4115,FIGGS,6.54,58.5,2.58,2.58,50.9,7.84,8.66,64.8,10.68,71.3,10.86
UGC5456,FIGGS,2.28,39.8,5.29,5.29,36.0,7.89,8.19,59.3,10.55,116.0,11.47
UGC6145,FIGGS,2.91,40.9,2.90,2.90,25.1,6.94,7.65,50.9,10.34,58.8,10.52
NGC3741,FIGGS,6.37,46.7,2.50,2.50,45.0,6.95,8.35,50.3,10.32,50.8,10.34
UGC7242,FIGGS,3.14,39.9,3.03,3.03,39.2,7.31,7.90,48.2,10.26,59.8,10.58
KK144,FIGGS,4.31,27.8,3.95,3.95,22.4,7.11,8.08,32.2,9.69,32.2,9.77
DDO125,FIGGS,2.55,22.9,2.74,2.74,16.2,7.59,7.91,26.4,9.41,25.6,9.27
UGC8055,FIGGS,10.63,67.5,2.72,2.72,60.5,7.96,9.05,71.7,10.82,73.5,10.90
UGC8215,FIGGS,2.29,20.0,4.00,4.00,17.4,6.71,7.52,24.5,9.31,25.5,9.45
UGC8508,FIGGS,2.50,40.1,2.30,2.30,28.7,7.05,7.70,51.2,10.34,64.1,10.64
DDO181,FIGGS,2.34,29.9,4.00,4.00,24.5,7.01,7.66,37.6,9.91,46.2,10.23
DDO183,FIGGS,2.17,24.7,1.85,1.85,15.6,7.01,7.65,27.9,9.49,31.4,9.74
UGC8833,FIGGS,1.40,26.7,3.01,3.01,31.7,6.73,7.40,37.3,9.90,51.3,10.33
P51659,FIGGS,3.40,30.5,2.58,2.58,25.0,6.42,7.86,34.0,9.77,34.4,9.80
KK246,FIGGS,3.99,35.2,4.00,4.00,31.5,7.50,8.06,40.8,10.03,43.9,10.20
KK250,FIGGS,4.72,50.0,3.00,3.00,49.9,8.28,8.55,57.9,10.52,83.1,11.08
KK251,FIGGS,3.42,38.0,4.00,4.00,30.2,7.11,8.07,45.9,10.19,51.7,10.38
DDO210,FIGGS,0.70,17.0,2.00,2.00,21.8,6.03,6.68,24.5,9.31,32.7,9.69
HoII,THINGS_Oh,5.95,35.9,2.90,2.60,40.6,8.30,9.00,38.8,9.95,39.1,9.82
DDO53,THINGS_Oh,2.90,25.8,7.60,7.10,31.2,7.26,7.99,34.6,9.79,38.6,10.02
M81dwB,THINGS_Oh,0.70,34.2,2.20,1.80,31.7,7.48,7.80,106.4,11.37,123.4,11.55
IC2574,THINGS_Oh,10.30,77.0,4.80,4.00,77.1,9.02,9.48,85.1,11.06,85.8,11.07
NGC925,THINGS_deBlok,13.08,114.5,7.70,7.50,113.3,9.86,10.12,138.3,11.73,331.3,12.96
NGC2403,THINGS_deBlok,13.31,134.5,5.10,4.70,135.1,9.56,9.85,167.2,12.00,324.3,12.91
NGC2841,THINGS_deBlok,49.63,281.2,9.80,9.70,305.9,10.97,11.02,317.7,12.89,303.9,12.76
NGC2903,THINGS_deBlok,28.46,186.4,4.30,6.00,204.0,10.06,10.24,209.4,12.31,280.8,12.75
NGC2976,THINGS_deBlok,2.53,86.3,3.70,3.30,77.2,9.10,9.16,257.8,12.60,380.7,13.12
NGC3031,THINGS_deBlok,10.29,221.6,6.10,6.10,227.0,10.76,10.79,563.8,13.67,870.4,14.67
NGC3198,THINGS_deBlok,37.36,147.9,3.70,3.80,157.1,10.34,10.55,152.5,11.87,154.4,11.74
NGC3521,THINGS_deBlok,31.27,203.1,14.70,17.80,230.7,10.94,10.99,246.6,12.54,588.2,13.94
NGC3621,THINGS_deBlok,23.64,149.9,3.50,2.70,149.7,10.14,10.37,161.5,11.95,153.1,11.77
NGC4736,THINGS_deBlok,9.60,115.7,4.80,5.30,157.6,10.31,10.32,154.2,11.89,557.8,13.76
NGC5055,THINGS_deBlok,32.95,191.8,7.70,6.50,221.7,11.02,11.07,211.0,12.32,198.9,12.20
NGC6946,THINGS_deBlok,12.65,201.1,4.30,3.70,205.5,10.65,10.70,353.2,13.03,762.8,14.40
NGC7331,THINGS_deBlok,22.58,244.6,5.80,6.60,257.2,11.11,11.15,348.2,13.01,798.7,14.67
NGC7793,THINGS_deBlok,7.40,104.3,4.60,4.60,115.9,9.29,9.50,147.3,11.82,320.6,12.88
UGC1281,WHISP_Swaters09,5.20,58.1,3.10,0.90,62.2,8.76,9.00,65.1,10.68,128.5,11.67
UGC2023,WHISP_Swaters09,3.67,60.1,7.20,5.00,49.9,9.16,9.31,87.3,11.09,277.7,12.70
UGC2034,WHISP_Swaters09,5.88,48.3,7.40,4.80,58.7,9.28,9.48,55.5,10.46,52.0,10.43
UGC2455,WHISP_Swaters09,4.54,62.0,3.60,1.60,44.3,9.68,9.79,76.0,10.90,329.6,13.02
UGC3711,WHISP_Swaters09,3.75,95.7,3.00,1.60,88.2,9.40,9.54,201.3,12.26,424.9,13.27
UGC3817,WHISP_Swaters09,2.53,46.4,5.40,2.60,40.7,8.32,8.71,64.8,10.68,155.2,11.88
UGC3851,WHISP_Swaters09,5.85,61.1,3.40,1.20,58.5,9.04,9.31,68.0,10.74,145.0,11.84
UGC3966,WHISP_Swaters09,2.18,51.3,4.30,1.70,61.8,8.24,8.65,83.1,11.02,170.9,12.00
UGC4173,WHISP_Swaters09,12.20,58.1,4.20,2.00,52.6,9.40,9.72,60.2,10.57,60.6,10.58
UGC4278,WHISP_Swaters09,7.64,86.7,2.70,1.30,87.8,9.36,9.60,102.5,11.32,255.3,12.59
UGC4305,WHISP_Swaters09,5.44,34.9,5.00,1.20,43.8,9.00,9.28,36.4,9.86,36.1,10.09
UGC4543,WHISP_Swaters09,17.60,67.9,3.70,1.90,77.8,9.96,10.27,70.0,10.78,69.7,11.02
UGC5272,WHISP_Swaters09,1.78,46.4,3.70,0.90,43.9,8.32,8.64,76.8,10.91,180.8,12.08
UGC5721,WHISP_Swaters09,7.31,79.8,3.10,1.50,91.6,8.92,9.23,92.7,11.18,171.7,12.06
UGC5829,WHISP_Swaters09,7.20,69.9,4.50,2.70,65.8,9.20,9.48,79.4,10.96,161.7,11.99
UGC5846,WHISP_Swaters09,3.84,52.2,5.20,2.80,46.4,8.72,9.17,64.8,10.68,166.8,12.00
UGC5918,WHISP_Swaters09,4.48,46.4,4.20,1.40,43.1,8.44,8.83,51.2,10.34,48.8,10.21
UGC5986,WHISP_Swaters09,12.00,125.5,2.50,1.50,122.1,9.72,9.95,151.1,11.86,350.4,13.02
UGC6628,WHISP_Swaters09,7.79,43.5,7.30,4.30,56.6,9.80,9.92,48.2,10.26,59.2,10.75
UGC7047,WHISP_Swaters09,1.53,39.6,4.40,1.20,41.6,8.36,8.57,63.4,10.64,178.7,12.07
UGC7125,WHISP_Swaters09,21.30,70.9,2.90,1.10,74.4,9.60,10.00,72.6,10.83,75.3,10.82
UGC7151,WHISP_Swaters09,2.80,76.8,2.80,1.20,79.0,8.56,8.76,159.1,11.93,245.2,12.50
UGC7232,WHISP_Swaters09,1.02,45.4,3.70,0.90,30.3,8.40,8.54,132.2,11.67,225.1,12.38
UGC7261,WHISP_Swaters09,4.63,76.8,4.80,3.20,85.1,9.36,9.50,110.9,11.43,335.7,12.95
UGC7278,WHISP_Swaters09,5.80,81.8,4.00,4.00,66.9,9.60,9.70,110.9,11.43,367.7,13.08
UGC7608,WHISP_Swaters09,4.89,69.9,5.60,3.80,72.4,8.84,9.16,93.2,11.19,210.9,12.31
UGC7690,WHISP_Swaters09,4.02,57.1,4.10,1.90,63.2,9.08,9.23,70.8,10.80,228.3,12.43
UGC7866,WHISP_Swaters09,2.44,34.9,4.80,1.00,34.3,8.36,8.60,40.3,10.01,111.1,11.46
UGC7916,WHISP_Swaters09,4.28,37.7,3.80,0.40,35.1,8.24,8.82,39.1,9.96,38.0,9.79
UGC7971,WHISP_Swaters09,3.06,46.4,4.60,1.80,46.1,9.12,9.22,57.9,10.52,234.2,12.47
UGC8286,WHISP_Swaters09,5.94,84.8,2.80,1.20,90.0,9.16,9.28,109.8,11.41,268.3,12.64
UGC8550,WHISP_Swaters09,4.24,59.1,3.10,0.90,62.8,8.52,8.76,71.4,10.81,147.8,11.83
UGC8837,WHISP_Swaters09,3.71,55.2,3.20,0.80,42.9,8.56,8.76,67.7,10.74,158.2,11.92
UGC9992,WHISP_Swaters09,3.78,35.8,5.80,2.20,41.2,8.64,8.92,39.7,9.99,38.1,9.87
UGC10310,WHISP_Swaters09,9.08,74.9,4.50,2.70,83.6,9.44,9.65,82.5,11.01,77.5,10.78
UGC11557,WHISP_Swaters09,10.40,85.7,4.70,3.30,85.9,10.16,10.25,95.5,11.22,306.9,12.87
UGC11861,WHISP_Swaters09,16.40,153.4,3.00,2.20,158.0,10.60,10.69,183.0,12.12,581.6,13.87
UGC731,WHISP_Swaters11,6.98,74.3,3.60,3.60,79.1,8.92,9.26,88.5,11.11,169.2,12.04
UGC3371,WHISP_Swaters11,10.23,86.6,2.60,2.80,86.1,9.36,9.59,96.3,11.23,90.6,11.05
UGC4325,WHISP_Swaters11,5.88,91.8,3.10,3.00,102.7,9.52,9.64,131.1,11.66,376.9,13.11
UGC4499,WHISP_Swaters11,8.51,75.1,2.80,2.70,76.6,9.40,9.61,83.6,11.03,77.2,10.77
UGC5414,WHISP_Swaters11,4.35,62.5,2.65,2.35,64.8,9.32,9.47,79.7,10.97,281.4,12.72
UGC7323,WHISP_Swaters11,5.88,86.2,3.50,3.90,82.4,9.84,9.90,119.8,11.53,444.5,13.36
UGC7399,WHISP_Swaters11,11.00,109.5,2.80,2.50,105.9,9.12,9.36,129.2,11.64,211.4,12.34
UGC7524,WHISP_Swaters11,7.62,84.4,3.80,4.10,83.8,9.52,9.66,103.3,11.33,292.1,12.78
UGC7559,WHISP_Swaters11,2.09,34.8,3.10,2.90,38.6,7.76,8.18,45.9,10.19,91.0,11.15
UGC7577,WHISP_Swaters11,2.28,21.0,3.05,3.10,18.7,8.52,8.64,24.8,9.32,23.6,9.59
UGC7603,WHISP_Swaters11,5.93,65.0,2.50,3.20,69.7,9.04,9.26,76.8,10.91,180.7,12.13
UGC8490,WHISP_Swaters11,10.70,78.1,3.67,3.70,75.5,9.20,9.42,85.6,11.07,82.2,10.93
UGC9211,WHISP_Swaters11,8.26,65.7,3.90,4.60,71.7,8.76,9.29,74.0,10.86,77.7,10.95
UGC11707,WHISP_Swaters11,13.86,95.6,2.70,3.10,100.2,9.72,10.01,103.3,11.33,97.9,11.10
UGC12060,WHISP_Swaters11,10.27,74.9,4.00,4.90,88.3,9.44,9.71,83.6,11.03,79.6,10.81
UGC12632,WHISP_Swaters11,8.54,76.9,3.00,3.00,78.3,9.12,9.39,86.8,11.08,86.0,11.04
UGC12732,WHISP_Swaters11,15.36,98.6,2.70,3.40,95.3,9.48,9.89,105.9,11.36,102.4,11.24
UGC5716,Trachternach,9.53,66.9,2.60,3.00,71.5,7.56,9.08,72.0,10.82,73.3,10.86
LSBC D500-3,Trachternach,1.67,45.0,2.50,2.50,50.7,7.13,8.01,81.7,11.00,93.2,11.15
LSBC D512-2,Trachternach,3.55,34.5,4.80,5.10,44.6,7.71,8.15,42.0,10.07,49.1,10.36
LSBC D564-08,Trachternach,2.27,25.0,2.00,2.10,26.9,6.88,7.46,28.5,9.52,31.2,9.73
UGC8011,Trachternach,7.46,73.5,10.40,9.80,70.9,7.45,8.64,95.2,11.21,100.2,11.25
AM0605-341,LVHIS,4.31,85.1,2.60,2.60,82.9,7.69,0.00,139.6,11.75,144.8,11.77
Argo,LVHIS,5.42,57.3,3.50,3.50,57.5,7.49,0.00,67.1,10.72,75.2,10.89
ESO059-G001,LVHIS,4.32,61.8,2.80,2.80,60.1,7.73,0.00,79.4,10.96,104.5,11.33
ESO121-G020,LVHIS,3.32,48.7,3.10,3.10,36.6,6.93,0.00,62.5,10.63,68.8,10.72
ESO137-G018,LVHIS,5.64,80.0,2.90,2.80,90.1,8.81,0.00,105.6,11.36,212.5,12.32
ESO174-G?001,LVHIS,7.44,66.0,3.70,5.00,55.2,8.29,0.00,76.5,10.91,91.8,11.21
ESO215-G?009,LVHIS,9.62,52.8,3.90,3.70,56.7,7.01,0.00,57.0,10.50,56.3,10.48
ESO245-G005,LVHIS,6.52,50.9,3.40,3.40,51.0,7.89,0.00,56.1,10.47,59.4,10.62
ESO308-G022,LVHIS,4.02,39.8,3.10,3.10,38.9,7.09,0.00,45.6,10.18,48.7,10.31
ESO325-G?011,LVHIS,3.11,45.9,5.10,5.10,43.3,7.25,0.00,62.8,10.63,77.6,10.90
ESO381-G020,LVHIS,4.79,46.8,2.40,2.40,47.6,7.53,0.00,52.3,10.38,57.9,10.57
IC5152,LVHIS,3.79,59.6,6.50,6.80,56.3,7.89,0.00,89.0,11.12,126.9,11.59
UGCA442,Cote,3.63,56.5,0.70,0.70,35.6,7.83,8.26,70.5,10.80,106.1,11.35
SDIG,Cote,1.24,19.4,0.70,0.60,14.9,6.40,7.00,21.7,9.13,25.6,9.44
DDO161,Cote,6.25,66.0,1.30,1.30,60.7,8.32,8.79,74.3,10.87,100.7,11.33
ESO444-G084,Cote,3.22,63.0,1.20,1.40,56.6,8.18,8.39,92.7,11.18,159.6,11.91
UGC6399,VerheijenSancisi,8.12,88.0,5.00,5.00,89.3,9.23,9.45,108.9,11.40,237.0,12.49
UGC6446,VerheijenSancisi,15.85,80.0,11.00,11.00,84.9,9.05,9.74,92.4,11.17,92.7,11.19
NGC3726,VerheijenSancisi,33.65,167.0,15.00,15.00,163.2,10.47,10.59,189.2,12.17,181.6,11.98
NGC3769,VerheijenSancisi,38.41,113.0,11.00,11.00,122.6,10.03,10.24,124.2,11.59,129.0,11.49
UGC6667,VerheijenSancisi,8.12,86.0,3.00,3.00,89.1,9.35,9.53,101.9,11.31,241.6,12.52
NGC3877,VerheijenSancisi,11.74,169.0,7.00,7.00,177.5,10.60,10.62,272.4,12.67,715.5,14.27
NGC3893,VerheijenSancisi,20.99,148.0,19.00,19.00,184.1,10.52,10.61,187.0,12.15,488.1,13.55
NGC3917,VerheijenSancisi,15.31,137.0,8.00,8.00,142.2,10.05,10.14,168.9,12.01,414.8,13.27
NGC3949,VerheijenSancisi,7.30,169.0,8.00,8.00,157.7,10.29,10.39,437.5,13.33,725.2,14.22
NGC3953,VerheijenSancisi,16.23,215.0,10.00,10.00,234.4,10.86,10.89,352.1,13.03,790.4,14.54
NGC3972,VerheijenSancisi,9.04,134.0,5.00,5.00,133.8,9.93,10.01,205.4,12.28,515.3,13.59
UGC6917,VerheijenSancisi,10.82,111.0,7.00,7.00,114.3,9.53,9.79,140.5,11.76,308.2,12.85
UGC6923,VerheijenSancisi,5.52,81.0,5.00,5.00,81.2,9.24,9.45,114.2,11.47,297.7,12.78
UGC6930,VerheijenSancisi,17.15,108.0,7.00,7.00,118.5,9.51,9.89,120.3,11.54,120.0,11.52
NGC3992,VerheijenSancisi,36.09,237.0,9.00,9.00,278.3,10.78,10.83,275.1,12.69,535.9,13.74
UGC6940,VerheijenSancisi,1.79,37.0,4.00,4.00,21.0,8.04,8.53,57.3,10.50,133.3,11.66
UGC6962,VerheijenSancisi,5.41,171.0,7.00,7.00,151.5,9.60,9.70,654.0,13.88,610.4,13.87
NGC4010,VerheijenSancisi,10.82,122.0,2.00,2.00,132.1,10.02,10.16,152.0,11.87,453.7,13.40
UGC6969,VerheijenSancisi,4.60,79.0,5.00,5.00,63.6,8.61,9.03,122.3,11.56,216.9,12.34
UGC6973,VerheijenSancisi,8.12,180.0,8.00,8.00,185.3,10.39,10.43,451.8,13.37,754.0,14.31
UGC6983,VerheijenSancisi,16.23,109.0,12.00,12.00,114.6,9.44,9.84,129.4,11.64,151.9,11.90
NGC4051,VerheijenSancisi,12.61,153.0,10.00,10.00,148.8,10.51,10.56,223.9,12.40,650.9,14.07
NGC4085,VerheijenSancisi,6.38,136.0,7.00,7.00,129.0,10.00,10.06,296.0,12.79,606.4,13.87
NGC4088,VerheijenSancisi,22.18,174.0,8.00,8.00,183.2,10.69,10.78,207.8,12.30,569.1,13.84
NGC4100,VerheijenSancisi,23.54,159.0,9.00,9.00,198.9,10.49,10.55,183.0,12.12,167.8,11.86
NGC4102,VerheijenSancisi,4.49,178.0,12.00,12.00,194.4,10.52,10.53,1032.8,14.50,887.8,14.62
NGC4157,VerheijenSancisi,30.68,185.0,14.00,14.00,202.3,10.71,10.80,215.3,12.35,197.9,12.09
NGC4183,VerheijenSancisi,21.75,113.0,11.00,11.00,117.4,9.79,10.06,127.2,11.62,124.1,11.50
NGC4217,VerheijenSancisi,17.15,178.0,12.00,12.00,198.3,10.65,10.68,247.4,12.54,664.8,14.14
NGC4389,VerheijenSancisi,5.52,110.0,8.00,8.00,107.6,10.00,10.03,216.7,12.36,577.1,13.78
UGC2885,Sanders,75.38,297.6,8.60,10.90,306.0,11.49,11.56,317.4,12.89,312.3,12.75
NGC5533,Sanders,74.81,227.9,4.60,4.50,274.7,11.28,11.35,232.7,12.46,234.6,12.45
NGC6674,Sanders,69.22,241.5,5.30,4.20,303.8,10.87,11.05,247.7,12.54,247.6,12.42
NGC5907,Sanders,31.95,213.3,4.90,5.80,233.0,10.99,11.04,242.4,12.51,582.1,13.93
NGC2998,Sanders,46.59,197.1,5.50,5.50,209.3,10.78,10.95,206.2,12.29,205.3,12.14
NGC801,Sanders,56.48,216.3,3.00,3.00,222.9,11.00,11.12,221.8,12.39,222.9,12.28
NGC5371,Sanders,39.70,210.3,5.20,7.00,-1.0,11.06,11.10,228.7,12.43,-1.0,0.00
NGC5033,Sanders,35.33,195.6,5.40,4.30,235.3,10.31,10.48,210.5,12.32,209.8,12.29
NGC2683,Sanders,27.27,151.0,11.80,12.60,214.6,10.54,10.55,171.6,12.03,162.1,11.83
NGC6946,Sanders,25.10,165.8,4.30,4.60,-1.0,10.43,10.74,183.8,12.13,-1.0,0.00
UGC128,Sanders,42.46,130.1,7.60,8.10,-1.0,9.76,10.17,138.3,11.73,138.5,11.71
NGC1003,Sanders,32.68,114.9,2.20,1.70,109.2,10.21,10.40,116.7,11.50,120.3,11.45
NGC247,Sanders,9.02,95.9,2.40,2.50,109.2,9.60,9.79,114.2,11.47,302.0,12.82
M33,Sanders,8.33,106.9,1.50,2.40,-1.0,9.68,9.79,139.4,11.75,-1.0,0.00
NGC300,Sanders,12.20,94.2,12.70,11.90,-1.0,9.34,9.55,116.2,11.49,-1.0,0.00
NGC2915,Sanders,11.99,89.2,2.60,2.90,93.9,9.40,9.59,97.2,11.24,92.4,11.07
NGC55,Sanders,9.70,87.9,2.40,2.60,-1.0,9.00,9.37,99.1,11.27,-1.0,0.00
AGC110482,SHIELD,1.59,37.7,2.70,2.80,21.0,7.74,7.90,60.8,10.59,116.4,11.47
AGC111164,SHIELD,0.82,22.1,2.50,2.50,17.0,7.00,7.19,36.1,9.85,68.3,10.72
AGC111977,SHIELD,1.42,17.2,2.30,2.40,15.0,7.57,7.67,20.8,9.07,19.5,8.87
AGC112521,SHIELD,1.28,22.1,2.50,2.60,16.0,6.85,7.22,28.8,9.53,45.6,10.20
AGC174585,SHIELD,1.07,15.1,3.00,3.00,16.0,6.95,7.29,19.8,9.01,31.3,9.74
AGC174605,SHIELD,1.85,16.5,3.40,3.40,20.0,7.45,7.72,20.5,9.05,20.0,8.85
AGC182595,SHIELD,2.19,18.8,3.40,3.40,17.0,7.70,7.80,22.7,9.19,22.4,9.04
AGC731457,SHIELD,2.16,18.0,2.50,2.50,23.0,7.81,7.95,20.8,9.07,20.6,9.03
AGC748778,SHIELD,1.17,23.0,4.40,4.40,18.0,6.48,6.97,35.5,9.83,46.7,10.19
AGC749237,SHIELD,2.39,33.9,2.30,2.40,39.0,7.72,8.11,41.1,10.04,72.0,10.86
AGC749241,SHIELD,1.16,22.1,5.30,5.40,24.0,6.60,7.06,35.8,9.84,49.8,10.28
LeoP,LeoP,0.47,12.5,2.50,2.50,13.0,5.75,6.22,20.2,9.03,28.4,9.48
CVnIdwA,LITTLE_THINGS,2.59,23.5,1.69,1.69,15.5,6.63,7.50,25.7,9.37,26.3,9.49
DDO46,LITTLE_THINGS,2.92,66.1,4.27,4.27,77.3,7.62,8.40,120.0,11.54,133.7,11.66
DDO47,LITTLE_THINGS,7.71,64.7,2.01,2.01,47.0,-1.00,0.00,70.3,10.79,-1.0,0.00
DDO50,LITTLE_THINGS,9.81,35.7,4.01,4.01,37.2,8.01,9.13,40.3,10.01,40.1,10.00
DDO52,LITTLE_THINGS,5.43,60.2,4.54,4.54,60.6,7.79,8.58,73.4,10.85,90.2,11.15
DDO70,LITTLE_THINGS,2.00,43.9,3.26,3.26,27.0,7.18,7.71,70.0,10.78,87.9,11.07
DDO87,LITTLE_THINGS,7.39,56.6,3.01,3.01,40.7,7.65,8.50,61.6,10.61,64.5,10.71
DDO101,LITTLE_THINGS,1.95,64.5,2.54,2.54,63.2,7.79,7.98,161.8,11.95,160.6,11.94
DDO126,LITTLE_THINGS,3.99,37.2,2.37,2.37,34.1,7.28,8.24,41.1,10.04,44.2,10.20
DDO133,LITTLE_THINGS,3.48,46.1,2.14,2.14,41.3,7.45,8.18,55.3,10.45,70.9,10.81
DDO154,LITTLE_THINGS,7.32,47.8,5.08,5.08,47.3,7.04,8.54,53.8,10.41,54.2,10.43
DDO168,LITTLE_THINGS,3.14,60.3,4.93,4.93,42.7,7.74,8.48,96.9,11.24,128.3,11.60
DDO216,LITTLE_THINGS,1.12,18.9,2.69,2.69,11.5,7.19,7.30,24.8,9.32,52.4,10.41
F564-V3,LITTLE_THINGS,3.71,28.8,4.52,4.52,30.2,7.95,8.12,34.0,9.77,33.2,9.64
IC10,LITTLE_THINGS,0.54,36.5,3.42,3.42,44.0,8.07,8.12,210.8,12.32,199.1,12.24
IC1613,LITTLE_THINGS,2.71,16.9,2.32,2.32,15.6,7.40,7.91,19.5,8.98,20.1,8.86
NGC1569,LITTLE_THINGS,3.05,29.1,2.68,2.68,39.6,8.45,8.68,33.1,9.73,31.3,9.65
NGC2366,LITTLE_THINGS,8.08,58.2,3.07,3.07,55.0,8.03,9.05,63.1,10.64,65.9,10.76
NGC3738,LITTLE_THINGS,1.75,125.5,5.06,5.06,90.7,8.46,8.61,1358.4,14.87,987.5,14.86
WLM,LITTLE_THINGS,3.04,37.3,4.26,4.26,30.8,7.15,7.95,46.5,10.21,55.4,10.47
Haro29,LITTLE_THINGS,5.03,30.5,4.24,4.24,26.5,7.15,8.01,34.9,9.80,35.3,9.90
Haro36,LITTLE_THINGS,3.16,58.2,8.20,8.20,37.1,7.76,8.22,99.7,11.28,131.8,11.64
NGC5585,Sanders,8.87,89.3,2.80,2.80,93.9,8.98,9.38,104.2,11.34,175.4,12.09
